 02015 225SPPI         9 4 1 1 4 4 212 4 8
 1 1IDENTIFIER
 1 2PERIODICITY
 1 3SEASONAL ADJUSTMENT
 1 4PRICES BASE YEAR
 1 5INDEX BASE YEAR
 1 6INDEX BASE MONTH
 1 7STANDARD INDUSTRIAL CLASSIFICATION
 1 8PUBLICATION
 1 9TABLE NUMBER
92K8PXAU   02010 0            SERV3                      1  0  0  1  3
93SPPI: 3700000000: SEWERAGE SERVICES                                     
96AM1996  12015 223   19             710 1
97      61.2      63.8      66.0      68.1      62.1      61.1      61.6
97      63.8      67.6      75.2      82.2      87.9      94.2     100.7
97     100.0     107.9     116.7     121.0     124.8
92K8PXQU   02010 0            SERV3                      1  0  0  1 11
93SPPI: 3700000000: SEWERAGE SERVICES                                     
96QM1996  12015 223   76             710 1
97      58.9      62.0      62.0      62.0      62.0      64.4      64.4
97      64.4      64.4      66.6      66.6      66.6      66.6      68.6
97      68.6      68.6      68.6      60.0      60.0      60.0      60.0
97      61.5      61.5      61.5      61.5      61.6      61.6      61.6
97      61.6      64.6      64.6      64.6      64.6      68.6      68.6
97      68.6      68.6      77.4      77.4      77.4      77.4      83.8
97      83.8      83.8      83.8      89.3      89.3      89.3      89.3
97      95.9      95.9      95.9      95.9     102.3     102.3     102.3
97     102.3      99.2      99.2      99.2      99.2     110.8     110.8
97     110.8     110.8     118.7     118.7     118.7     118.7     121.7
97     121.7     121.7     121.7     125.9     125.9     125.9
92K8Q3AU   02010 0            SERV3                      1  0  0  1  3
93SPPI: 3811000000: WASTE DISPOSAL                                        
96AM1996  12015 223   19             710 1
97      77.8      73.3      74.0      75.7      79.6      83.5      87.7
97      77.7      74.7      78.7      85.9      90.6      95.6      97.7
97     100.0     101.9     103.9     106.8     108.6
92K8Q3QU   02010 0            SERV3                      1  0  0  1 11
93SPPI: 3811000000: WASTE DISPOSAL                                        
96QM1996  12015 223   76             710 1
97      82.6      80.5      72.8      75.2      73.1      73.6      73.1
97      73.3      73.8      74.2      73.9      74.1      74.2      75.7
97      76.5      76.5      79.1      79.9      79.8      79.6      81.1
97      82.9      84.5      85.3      85.4      88.1      88.4      89.0
97      89.5      73.7      73.8      73.7      74.0      74.8      74.8
97      75.3      75.8      78.9      79.9      80.2      80.5      87.5
97      87.7      87.8      87.2      91.4      91.7      92.2      93.4
97      96.0      96.3      96.6      96.7      98.1      97.9      98.0
97      98.3     100.0     100.6     101.1     100.6     102.1     102.5
97     102.4     102.8     104.0     104.3     104.4     105.1     107.6
97     107.2     107.1     107.9     109.5     108.4     108.6
92K8QLAU   02010 0            SERV3                      1  0  0  1  2
93SPPI: 3832000000: Sorted materials recovery services; secondary raw materials
96AM2003  12015 223   12             710 1
97      43.3      53.9      52.7      66.1      76.6      95.4      77.2
97     100.0     113.1     110.5     102.7      91.4
92K8QLQU   02010 0            SERV3                      1  0  0  1  7
93SPPI: 3832000000: Sorted materials recovery services; secondary raw materials
96QM2003  12015 223   48             710 1
97      42.2      42.7      43.3      45.1      52.1      51.4      54.4
97      57.6      53.3      49.8      54.2      53.6      58.5      68.6
97      69.2      68.1      71.5      78.0      79.3      77.7      87.3
97     118.5     102.8      72.8      70.9      75.8      80.5      81.5
97      91.9     105.8     100.3     102.0     110.6     113.4     115.9
97     112.7     115.8     114.6     107.0     104.6     108.8     107.2
97      96.9      97.8      94.8      93.5      92.1      85.4
92K8QWAU   02010 0            SERV3                      1  0  0  1  3
93SPPI: 4520000000: MAINTENANCE OF MOTOR VEHICLES.                        
96AM1996  12015 223   19             710 1
97      55.8      58.5      59.6      61.0      62.4      64.2      66.2
97      69.1      73.2      77.6      82.4      86.7      91.9      95.5
97     100.0     104.9     106.9     109.5     112.4
92K8QWQU   02010 0            SERV3                      1  0  0  1 11
93SPPI: 4520000000: MAINTENANCE OF MOTOR VEHICLES.                        
96QM1996  12015 223   76             710 1
97      55.3      55.5      55.9      56.4      58.2      58.4      58.7
97      58.8      59.2      59.7      59.8      59.8      60.3      60.9
97      61.1      61.6      61.8      62.1      62.5      63.1      63.6
97      64.1      64.5      64.4      65.4      65.8      66.5      67.0
97      67.9      68.5      69.4      70.4      71.8      72.7      73.7
97      74.6      76.2      77.0      78.1      79.3      81.0      81.8
97      82.8      84.1      85.3      86.3      87.2      87.9      90.4
97      91.0      92.4      93.7      94.3      95.2      96.1      96.5
97      98.9      99.7     100.5     101.0     104.0     104.6     105.5
97     105.6     105.9     106.8     107.3     107.5     108.5     109.3
97     109.6     110.5     111.9     112.1     112.6     113.0
92K8QYAU   02010 0            SERV3                      1  0  0  1  3
93SPPI: 4911000000: Business Rail Fares                                   
96AM1998  12015 223   17             710 1
97      57.8      60.6      63.4      65.3      67.2      69.6      72.6
97      76.1      80.9      85.8      92.3      99.2     100.0     106.0
97     110.1     114.9     118.0
92K8QYQU   02010 0            SERV3                      1  0  0  1 10
93SPPI: 4911000000: Business Rail Fares                                   
96QM1998  12015 223   68             710 1
97      57.8      57.8      57.8      57.8      60.6      60.6      60.6
97      60.6      63.4      63.4      63.4      63.4      65.3      65.3
97      65.3      65.3      67.2      67.2      67.2      67.2      69.6
97      69.6      69.6      69.6      72.6      72.6      72.6      72.6
97      76.1      76.1      76.1      76.1      80.9      80.9      80.9
97      80.9      85.8      85.8      85.8      85.8      92.3      92.3
97      92.3      92.3      99.2      99.2      99.2      99.2     100.0
97     100.0     100.0     100.0     106.0     106.0     106.0     106.0
97     110.1     110.1     110.1     110.1     114.9     114.9     114.9
97     114.9     118.0     118.0     118.0     118.0
92K8R2AU   02010 0            SERV3                      1  0  0  1  3
93SPPI: 4921000000: COMMERCIAL RAIL FREIGHT                               
96AM1996  12015 223   19             710 1
97      93.1      85.4      83.2      84.3      83.5      83.9      85.2
97      86.3      85.1      87.4      90.4      93.8     103.5      99.9
97     100.0     102.4     103.6     105.4     106.0
92K8R2QU   02010 0            SERV3                      1  0  0  1 11
93SPPI: 4921000000: COMMERCIAL RAIL FREIGHT                               
96QM1996  12015 223   76             710 1
97      93.0      93.1      93.1      93.3      93.4      82.7      82.7
97      82.7      83.3      83.5      82.9      82.9      83.9      84.4
97      84.4      84.5      84.9      83.0      82.9      83.0      83.7
97      84.3      83.9      83.6      84.6      85.2      85.4      85.5
97      85.7      86.5      86.6      86.6      84.6      85.1      85.2
97      85.5      87.2      87.4      88.0      86.9      88.7      90.5
97      90.6      91.8      92.3      93.2      94.3      95.5     101.0
97     102.3     104.5     106.1     104.6      96.0      99.2      99.7
97     100.1     100.3      99.6      99.9      99.9     103.1     103.2
97     103.6     104.1     103.5     102.8     104.0     105.3     105.6
97     104.9     106.0     105.1     106.6     106.5     105.9
92K8REAU   02010 0            SERV3                      1  0  0  1  3
93SPPI: 4939000000: BUS AND COACH HIRE                                    
96AM1996  12015 223   19             710 1
97      49.4      51.3      53.1      56.7      61.3      65.5      72.0
97      75.8      77.4      81.1      89.0      91.7      97.5      99.4
97     100.0     101.5     103.5     104.6     106.8
92K8REQU   02010 0            SERV3                      1  0  0  1 11
93SPPI: 4939000000: BUS AND COACH HIRE                                    
96QM1996  12015 223   76             710 1
97      49.0      49.2      49.5      50.0      50.5      50.8      51.9
97      52.1      52.1      52.6      52.8      54.8      55.7      56.2
97      56.5      58.5      59.7      61.4      61.8      62.2      63.4
97      64.0      66.1      68.7      69.9      70.8      73.3      74.2
97      75.2      75.8      75.9      76.5      76.7      77.1      77.9
97      77.9      78.2      79.4      80.2      86.5      87.0      89.0
97      89.6      90.2      90.5      91.5      92.4      92.3      93.8
97      97.4      99.5      99.4      99.3      99.9      99.3      99.1
97      99.4     100.0     100.2     100.4     100.4     101.6     101.8
97     102.0     102.9     103.6     103.7     104.0     103.7     104.2
97     104.3     106.3     106.5     106.7     106.6     107.5
92K8ROAU   02010 0            SERV3                      1  0  0  1  3
93SPPI: 4941000000: FREIGHT TRANSPORT BY ROAD                             
96AM1996  12015 223   19             710 1
97      70.9      74.5      74.1      75.8      79.5      81.4      82.1
97      84.0      85.4      90.0      91.6      93.3      99.1      98.9
97     100.0     103.2     104.4     104.5     104.8
92K8ROQU   02010 0            SERV3                      1  0  0  1 11
93SPPI: 4941000000: FREIGHT TRANSPORT BY ROAD                             
96QM1996  12015 223   76             710 1
97      70.2      70.3      70.7      72.3      74.0      74.3      74.7
97      74.9      73.8      74.0      74.2      74.5      74.5      75.4
97      75.9      77.5      78.6      79.2      79.7      80.6      81.2
97      81.6      81.4      81.2      81.2      81.7      82.4      83.1
97      83.9      84.0      84.0      84.3      84.6      85.0      85.6
97      86.4      88.8      89.6      90.7      90.8      91.1      91.5
97      91.9      92.0      92.4      92.9      93.5      94.3      96.4
97      99.4     100.7     100.0      99.3      98.9      98.7      98.9
97      98.8      99.7     100.3     101.1     102.1     103.2     103.6
97     103.8     104.4     104.3     104.5     104.6     104.8     104.9
97     104.3     104.2     104.5     104.8     104.9     104.8
92K8RWAU   02010 0            SERV3                      1  0  0  1  3
93SPPI: 5011000000: VEHICLE FERRIES - COMMERCIAL TRAFFIC                  
96AM1996  12015 223   19             710 1
97      74.7      69.8      73.0      81.3      82.8      81.5      83.3
97      85.6      84.2      85.7      86.2      88.7      96.6     101.0
97     100.0     102.2     102.2     102.8     116.8
92K8RWQU   02010 0            SERV3                      1  0  0  1 11
93SPPI: 5011000000: VEHICLE FERRIES - COMMERCIAL TRAFFIC                  
96QM1996  12015 223   76             710 1
97      74.6      75.3      75.3      73.6      72.4      71.1      67.9
97      67.9      72.3      73.0      73.3      73.2      83.6      81.8
97      80.8      79.0      83.6      82.7      83.2      81.9      84.1
97      81.8      80.0      80.3      84.2      83.3      83.3      82.5
97      85.1      85.8      85.8      85.8      84.3      84.0      84.1
97      84.6      85.9      85.6      85.7      85.6      85.9      86.3
97      86.3      86.2      88.2      88.6      88.5      89.4      92.7
97      96.9      98.3      98.4     101.5     101.0     100.5     101.1
97     100.1     100.0      99.6     100.2     101.6     102.8     102.8
97     101.7     102.6     102.7     101.5     101.8     102.9     103.0
97     102.9     102.5     118.0     117.6     116.4     115.3
92K8S5AU   02010 0            SERV3                      1  0  0  1  3
93SPPI: 5020000000: SEA & COASTAL WATER FREIGHT TRANSPORTATION SERVICES   
96AM1996  12015 223   19             710 1
97     108.0     106.2     106.8     101.0     106.2     108.3      98.7
97      97.1      94.9     101.1     105.9     109.5     108.5      95.4
97     100.0     108.6     104.0     100.1     103.6
92K8S5QU   02010 0            SERV3                      1  0  0  1 11
93SPPI: 5020000000: SEA & COASTAL WATER FREIGHT TRANSPORTATION SERVICES   
96QM1996  12015 223   76             710 1
97     109.0     108.2     106.3     108.3     107.5     105.6     105.8
97     106.1     109.0     106.9     106.4     104.7     103.8     100.6
97      99.2     100.3     102.2     105.4     108.1     109.0     110.3
97     110.4     108.6     103.8     102.0      96.8      97.8      98.1
97     100.7      97.6      95.9      94.1      94.7      93.8      93.9
97      97.4      97.4      97.9     103.4     105.7     104.3     105.6
97     104.8     109.0     107.2     108.5     108.8     113.5     110.9
97     114.4     104.3     104.2      98.7      96.3      93.5      93.1
97      98.6     100.4      98.4     102.7     106.9     108.6     108.4
97     110.5     106.5     105.8     103.6     100.3      98.2      99.2
97     101.7     101.4     101.4     103.9     103.6     105.5
92K8S9AU   02010 0            SERV3                      1  0  0  1  3
93SPPI: 5111000000: Business airfares top level index.                    
96AM1996  12015 223   19             710 1
97      49.9      54.4      57.5      58.9      62.2      71.5      76.2
97      78.3      79.5      81.9      85.2      89.2      92.8      97.0
97     100.0     105.3     110.2     116.2     121.2
92K8S9QU   02010 0            SERV3                      1  0  0  1 11
93SPPI: 5111000000: Business airfares top level index.                    
96QM1996  12015 223   76             710 1
97      49.1      49.4      49.3      51.8      53.5      54.0      54.9
97      55.3      56.1      57.8      58.0      58.1      58.4      59.0
97      58.9      59.3      59.8      60.9      62.2      65.9      69.6
97      70.4      72.5      73.5      74.9      75.8      76.6      77.4
97      77.5      78.2      78.7      78.8      79.3      79.4      79.4
97      79.8      81.0      81.6      82.0      82.9      84.1      84.5
97      85.3      86.9      87.7      89.4      89.7      90.2      90.6
97      91.8      93.9      94.8      95.5      96.5      97.9      98.2
97      99.5      99.2      99.7     101.7     101.9     104.8     106.7
97     107.8     108.0     109.3     110.3     113.0     114.9     115.6
97     116.6     117.6     119.6     120.8     121.0     123.6
92K8SDAU   02010 0            SERV3                      1  0  0  1  3
93SPPI: 5229000000: FREIGHT FORWARDING.                                   
96AM1996  12015 223   19             710 1
97      89.4      90.3      86.5      81.0      82.5      82.6      82.5
97      85.6      83.5      83.1      83.0      84.2      93.1      89.6
97     100.0      98.8      97.9      98.8      97.5
92K8SDQU   02010 0            SERV3                      1  0  0  1 11
93SPPI: 5229000000: FREIGHT FORWARDING.                                   
96QM1996  12015 223   76             710 1
97      88.1      89.4      89.6      90.6      90.3      90.2      90.3
97      90.6      87.8      87.3      86.5      84.3      82.6      80.7
97      80.0      80.8      81.5      82.0      82.8      83.6      84.5
97      82.9      81.6      81.5      81.5      82.3      82.9      83.1
97      84.6      85.4      86.1      86.3      83.1      83.8      84.0
97      83.2      83.2      81.9      83.4      84.0      82.7      82.7
97      83.1      83.6      83.7      83.5      84.5      85.0      88.0
97      93.2      96.2      95.2      90.5      86.5      89.0      92.4
97      96.4     101.1     102.2     100.3      99.6     101.8      96.8
97      97.1      97.1      98.1      98.0      98.3     100.1      97.0
97      99.1      99.1      97.4      96.7      97.7      98.0
92K8SWAU   02010 0            SERV3                      1  0  0  1  3
93SPPI: 5310000000: NATIONAL POST/PARCELFORCE                             
96AM1996  12015 223   19             710 1
97      55.5      58.1      61.2      63.0      65.5      67.6      70.2
97      74.5      78.5      80.8      83.2      88.8      92.8      98.2
97     100.0      97.5      98.3     101.0     105.2
92K8SWQU   02010 0            SERV3                      1  0  0  1 11
93SPPI: 5310000000: NATIONAL POST/PARCELFORCE                             
96QM1996  12015 223   76             710 1
97      53.1      56.3      56.3      56.3      56.3      58.7      58.7
97      58.7      58.7      62.0      62.0      62.0      62.0      63.3
97      63.3      63.3      63.3      66.3      66.3      66.3      66.3
97      68.0      68.0      68.0      68.0      70.9      70.9      70.9
97      70.9      75.7      75.7      75.7      75.7      79.4      79.4
97      79.4      79.4      81.2      81.2      81.2      81.2      83.9
97      83.9      83.9      83.9      90.5      90.5      90.5      90.5
97      93.6      93.6      93.6      93.6      99.7      99.7      99.7
97      99.7     100.1     100.1     100.1     100.1      96.6      96.6
97      96.6      96.6      98.9      98.9      98.9      98.9     101.7
97     101.7     101.7     101.7     106.4     106.4     106.4
92K8SYAU   02010 0            SERV3                      1  0  0  1  3
93SPPI: 5320000000: COURIER SERVICES                                      
96AM1996  12015 223   19             710 1
97      82.9      84.1      84.7      85.7      87.1      89.4      93.0
97      94.8      98.0     101.6     103.7     104.0     106.5     102.4
97     100.0     103.3     100.0      98.6      99.6
92K8SYQU   02010 0            SERV3                      1  0  0  1 11
93SPPI: 5320000000: COURIER SERVICES                                      
96QM1996  12015 223   76             710 1
97      83.0      83.1      82.7      82.9      83.9      84.0      84.1
97      84.4      84.1      84.8      84.8      85.1      85.3      85.8
97      86.1      85.6      86.0      86.5      87.3      88.7      87.1
97      88.5      90.8      91.2      92.1      92.7      93.4      93.6
97      94.2      94.9      95.0      95.0      95.7      97.4      98.9
97      99.9     100.5     101.2     102.7     102.1     102.4     104.1
97     104.1     104.3     103.5     104.0     103.8     104.5     104.9
97     107.1     107.2     106.7     104.3     101.5     101.9     101.9
97      99.4      99.0     101.7      99.9     103.0     103.1     103.4
97     103.8     100.9     100.9      98.9      99.1      98.5      98.8
97      98.3      98.8      99.3      99.3     100.0      99.7
92K8TEAU   02010 0            SERV3                      1  0  0  1  3
93SPPI: 5510000000: LICENSED HOTELS AND MOTELS WITH RESTAURANTS. BUSINESS CUSTOMER
96AM1996  12015 223   19             710 1
97      84.0      85.7      91.2      88.2      90.3      94.3      92.4
97      96.7     100.8     103.3     107.2     110.3     108.8     104.4
97     100.0     101.0     102.3     106.0     108.0
92K8TEQU   02010 0            SERV3                      1  0  0  1 11
93SPPI: 5510000000: LICENSED HOTELS AND MOTELS WITH RESTAURANTS. BUSINESS CUSTOMER
96QM1996  12015 223   76             710 1
97      83.2      83.6      84.3      84.8      85.2      85.6      85.6
97      86.4      90.3      90.9      91.3      92.1      91.8      87.1
97      86.8      87.0      89.1      90.4      90.9      90.8      93.2
97      94.8      94.4      94.7      92.2      91.7      91.8      94.0
97      95.0      94.7      97.5      99.4      99.7     101.3     100.7
97     101.4     103.0     103.2     103.4     103.7     104.6     107.3
97     108.3     108.6     108.3     110.2     114.0     108.8     108.6
97     109.3     110.2     107.3     106.0     104.6     104.1     102.8
97     101.3      98.4     100.7      99.6      97.5     101.8     102.4
97     102.1      98.1     100.9      98.5     111.8     106.0      99.5
97     104.3     114.3     100.0     112.6     112.3     107.0
92K8TPAU   02010 0            SERV3                      1  0  0  1  3
93SPPI: 5620000000: CANTEENS AND CATERING                                 
96AM1996  12015 223   19             710 1
97      75.8      79.1      80.5      80.5      79.7      83.8      84.4
97      85.5      86.7      87.7      91.9      95.4      98.5      99.1
97     100.0     101.1     103.1     106.5     108.8
92K8TPQU   02010 0            SERV3                      1  0  0  1 11
93SPPI: 5620000000: CANTEENS AND CATERING                                 
96QM1996  12015 223   76             710 1
97      74.3      75.2      76.3      77.3      78.2      79.2      79.8
97      79.1      79.9      80.7      80.5      81.0      80.4      81.2
97      80.4      80.0      79.4      79.7      79.7      79.9      82.9
97      84.0      84.0      84.1      84.1      84.4      84.5      84.5
97      85.2      85.3      85.9      85.8      86.1      86.8      86.9
97      87.0      87.0      87.7      88.0      87.9      89.8      91.9
97      92.2      93.8      93.9      93.9      94.8      98.9      98.3
97      98.1      98.0      99.5      99.3      98.8      98.9      99.5
97      99.1     100.0     100.2     100.7     101.0     101.1     101.1
97     101.3     102.2     102.7     102.9     104.5     105.9     106.0
97     106.1     107.9     108.4     108.9     108.5     109.2
92K8TVAU   02010 0            SERV3                      1  0  0  1  2
93SPPI: 5810000000: Book publishing services                              
96AM2003  12015 223   12             710 1
97      77.4      80.1      83.1      85.4      87.6      93.9      98.3
97     100.0     103.9     108.7     113.1     119.3
92K8TVQU   02010 0            SERV3                      1  0  0  1  7
93SPPI: 5810000000: Book publishing services                              
96QM2003  12015 223   48             710 1
97      76.1      77.2      77.9      78.3      79.2      79.7      80.5
97      81.1      82.1      82.7      83.5      83.9      84.7      85.2
97      85.6      86.1      86.6      87.0      88.1      88.8      91.1
97      93.2      95.1      96.4      97.1      98.7      98.7      98.6
97      99.6      99.7      99.8     100.9     102.7     103.5     104.3
97     105.2     107.6     108.6     109.1     109.7     110.8     112.2
97     114.0     115.3     117.8     118.7     120.2     120.4
92K8UFAU   02010 0            SERV3                      1  0  0  1  2
93SPPI: 5920000000: Sound recording and music publishing ser vices        
96AM2003  12015 223   12             710 1
97     110.8      95.5      88.7      92.0      94.6      97.0     100.6
97     100.0      98.8      97.7      97.7      93.2
92K8UFQU   02010 0            SERV3                      1  0  0  1  7
93SPPI: 5920000000: Sound recording and music publishing ser vices        
96QM2003  12015 223   48             710 1
97     110.7     110.8     110.8     110.8     108.2      99.4      87.1
97      87.1      88.8      88.4      88.8      88.8      92.0      92.0
97      92.0      92.0      94.0      95.6      94.4      94.5      98.5
97      97.1      96.8      95.6      98.0     104.2     102.6      97.6
97     101.0     100.9      98.8      99.3     101.0      95.4     100.7
97      98.0      98.1      97.7      97.4      97.7      98.1      98.3
97      98.1      96.1      93.9      93.0      93.0      93.0
92K8UIAU   02010 0            SERV3                      1  0  0  1  3
93SPPI: 6110000000: Business Telecoms                                     
96AM1998  12015 223   17             710 1
97     237.8     195.6     165.3     148.5     146.7     142.5     135.9
97     128.7     125.1     121.5     117.6     109.1     100.0      93.5
97      87.2      84.8      80.7
92K8UIQU   02010 0            SERV3                      1  0  0  1 10
93SPPI: 6110000000: Business Telecoms                                     
96QM1998  12015 223   68             710 1
97     254.1     239.4     239.7     218.0     214.5     196.2     186.9
97     184.7     177.6     165.3     162.2     156.0     149.8     149.0
97     149.4     145.8     143.1     145.1     150.3     148.1     144.3
97     142.9     142.0     140.9     137.9     137.8     134.8     132.9
97     130.8     129.7     127.4     126.7     126.5     126.8     123.5
97     123.4     119.0     121.9     123.6     121.6     120.3     118.1
97     117.2     114.7     111.4     110.2     108.9     105.9     101.2
97     102.2      99.0      97.6      95.8      94.6      91.5      92.0
97      87.5      87.1      88.0      86.3      86.7      83.7      81.8
97      87.0      83.9      79.3      79.8      79.8
92K8UKAU   02010 0            SERV3                      1  0  0  1  3
93SPPI: 6200000000: Computer Services                                     
96AM1996  12015 223   19             710 1
97      94.7      94.6      96.8      97.5      95.9      96.9      97.2
97      96.1      95.6      96.1      97.9      99.2      98.7      99.1
97     100.0     100.3     100.9     101.8     100.7
92K8UKQU   02010 0            SERV3                      1  0  0  1 11
93SPPI: 6200000000: Computer Services                                     
96QM1996  12015 223   76             710 1
97      93.5      94.3      95.3      95.5      95.1      92.9      95.0
97      95.4      97.3      95.6      96.8      97.5      99.6      98.1
97      97.7      94.5      97.0      96.7      95.3      94.5      95.6
97      97.9      97.2      97.1      96.8      98.2      96.8      97.1
97      95.6      95.8      96.6      96.5      96.0      95.3      95.5
97      95.4      96.3      96.4      96.4      95.2      98.6      98.1
97      97.5      97.5      98.7      99.3      99.3      99.3      99.6
97      98.0      98.4      98.6      99.1      99.2      99.2      99.0
97      99.7      99.9     100.3     100.2     100.3     100.2     100.2
97     100.6     100.8     100.9     100.9     100.8     101.7     101.8
97     101.9     101.7     100.6     100.8     101.0     100.4
92K8VAAU   02010 0            SERV3                      1  0  0  1  3
93SPPI: 6820000000: Property Rentals                                      
96AM1998  12015 223   17             710 1
97      66.1      69.7      73.7      78.4      81.8      85.2      88.5
97      91.4      94.5      98.8     101.7     100.6     100.0     100.4
97     100.3      98.9      98.9
92K8VAQU   02010 0            SERV3                      1  0  0  1 10
93SPPI: 6820000000: Property Rentals                                      
96QM1998  12015 223   68             710 1
97      65.1      65.7      66.4      67.2      68.2      69.0      70.3
97      71.3      72.2      73.1      74.1      75.3      76.7      77.9
97      78.9      80.1      80.8      81.6      82.0      82.9      83.5
97      85.1      85.7      86.3      87.1      88.0      89.1      90.0
97      90.3      91.2      91.6      92.4      93.2      93.9      94.7
97      96.1      97.5      98.6      99.1     100.2     101.0     101.5
97     102.0     102.3     101.4     101.2     100.2      99.4      99.6
97     100.0      99.9     100.5     100.5     100.5     100.4     100.2
97     100.1     100.2     100.7     100.4      99.4      99.7      98.2
97      98.3      98.4      98.7      99.1      99.2
92K8VCAU   02010 0            SERV3                      1  0  0  1  3
93SPPI: 6830000000: REAL ESTATE AGENCY                                    
96AM1996  12015 223   19             710 1
97      71.6      77.7      82.6      87.3      92.8      94.4      95.2
97      97.6     104.1     111.6     123.0     128.3     116.0     100.1
97     100.0     101.2     100.9     101.8     108.9
92K8VCQU   02010 0            SERV3                      1  0  0  1 11
93SPPI: 6830000000: REAL ESTATE AGENCY                                    
96QM1996  12015 223   76             710 1
97      69.6      70.9      72.4      73.6      75.9      76.9      78.2
97      79.7      81.0      82.5      83.4      83.6      83.9      86.9
97      88.4      89.9      91.5      92.6      93.3      94.0      94.4
97      94.5      94.5      94.4      94.2      94.7      95.6      96.3
97      96.3      96.9      98.5      98.6      99.6     103.6     105.5
97     107.6     108.4     110.1     112.5     115.5     118.5     121.7
97     124.6     127.1     128.9     130.1     129.9     124.5     120.9
97     117.3     113.4     112.3     105.3      99.8      97.6      97.7
97      98.7     100.1     100.3     100.8     101.0     100.8     101.4
97     101.4     101.3     101.0     100.7     100.6     100.8     101.2
97     101.9     103.4     105.5     107.3     110.1     112.6
92K8WDAU   02010 0            SERV3                      1  0  0  1  3
93SPPI: 7120000000: TECHNICAL TESTING AND ANALYSIS                        
96AM1996  12015 223   19             710 1
97      84.2      87.2      88.1      89.2      90.2      93.5      96.6
97     101.3     104.3     105.0     107.7     109.0     107.1      99.0
97     100.0     100.6     104.0     105.6     107.1
92K8WDQU   02010 0            SERV3                      1  0  0  1 11
93SPPI: 7120000000: TECHNICAL TESTING AND ANALYSIS                        
96QM1996  12015 223   76             710 1
97      83.0      84.2      84.4      85.4      86.2      87.1      87.6
97      87.9      88.0      88.0      88.2      88.3      89.0      89.0
97      89.2      89.6      89.6      89.8      90.2      91.1      91.8
97      93.8      93.9      94.6      95.6      95.7      96.6      98.5
97      99.6     101.5     102.0     102.2     104.0     104.2     104.4
97     104.6     104.7     104.9     105.0     105.5     105.9     108.3
97     108.3     108.4     108.8     109.0     109.1     109.3     110.4
97     109.7     109.8      98.6      98.9      98.9      99.0      99.1
97      99.9     100.0     100.0     100.1     100.6     100.7     100.6
97     100.4     102.9     103.7     104.6     104.6     104.9     105.5
97     106.0     105.9     106.7     106.9     107.3     107.3
92K8X7AU   02010 0            SERV3                      1  0  0  1  3
93SPPI: 7320000000: MARKET RESEARCH                                       
96AM1996  12015 223   19             710 1
97      73.0      75.5      77.6      80.4      82.2      84.7      88.7
97      91.3      93.4      94.5      97.8      99.1      99.4      99.9
97     100.0     100.9     101.1     101.9     103.4
92K8X7QU   02010 0            SERV3                      1  0  0  1 11
93SPPI: 7320000000: MARKET RESEARCH                                       
96QM1996  12015 223   76             710 1
97      72.3      72.8      73.0      74.1      74.7      75.4      75.7
97      76.0      77.4      77.4      77.5      78.0      80.2      80.3
97      80.5      80.6      81.9      82.1      82.5      82.1      84.3
97      84.5      84.7      85.2      88.1      88.2      88.5      90.1
97      90.9      91.0      91.3      92.0      93.1      93.3      93.4
97      94.0      93.9      94.5      94.6      95.0      97.7      97.9
97      97.9      97.9      99.4      99.0      99.0      99.0      99.4
97      99.4      99.4      99.4     100.1      99.8      99.8      99.8
97      99.9      99.9      99.8     100.4     100.9     100.9     100.9
97     100.9     101.1     101.1     101.2     101.1     101.9     101.9
97     101.9     101.9     102.8     102.8     103.6     104.3
92K8XCAU   02010 0            SERV3                      1  0  0  1  3
93SPPI: 7420000000: COMMERCIAL FILM PROCESSING.                           
96AM1996  12015 223   19             710 1
97      90.5      91.4      91.6      91.9      92.1      92.2      92.4
97      94.3      93.8      87.3      92.8      99.7      98.9     100.1
97     100.0     102.6     103.0     108.2     110.1
92K8XCQU   02010 0            SERV3                      1  0  0  1 11
93SPPI: 7420000000: COMMERCIAL FILM PROCESSING.                           
96QM1996  12015 223   76             710 1
97      89.9      89.9      89.9      92.1      91.1      91.2      91.4
97      91.7      91.5      91.6      91.7      91.7      91.8      91.9
97      91.9      91.9      91.9      92.1      92.2      92.2      92.2
97      92.2      92.2      92.2      92.4      92.4      92.4      92.4
97      92.7      94.8      94.9      94.9      96.6      93.8      93.8
97      90.9      87.3      87.3      87.3      87.3      87.3      89.7
97      94.3      99.7      99.7      99.7      99.7      99.7      96.9
97      99.2      99.1     100.5     100.1     100.1     100.1     100.1
97     100.1     100.1      99.7     100.1     101.6     102.9     103.0
97     103.0     103.0     103.0     103.0     103.0     103.0     110.0
97     110.0     110.0     110.0     110.1     110.1     110.1
92K8XIAU   02010 0            SERV3                      1  0  0  1  3
93SPPI: 7430000000: TRANSLATION & INTERPRETATION SERVICES                 
96AM1996  12015 223   19             710 1
97      94.3      97.5      99.2     100.3     100.0      99.4     100.2
97     101.6     100.0      98.2      98.2      99.3     100.8     100.2
97     100.0      99.9      99.9     100.6     100.6
92K8XIQU   02010 0            SERV3                      1  0  0  1 11
93SPPI: 7430000000: TRANSLATION & INTERPRETATION SERVICES                 
96QM1996  12015 223   76             710 1
97      92.9      94.2      94.5      95.5      96.4      97.4      98.0
97      98.0      99.0      99.0      99.2      99.5     100.2     100.3
97     100.3     100.3     100.3     100.3      99.8      99.5      99.5
97      99.5      99.1      99.4     100.1     100.2     100.2     100.5
97     101.5     101.6     101.6     101.6     101.9     101.9      98.2
97      97.9      98.2      98.2      98.2      98.2      98.6      98.0
97      98.0      98.0      98.8      98.8      99.8      99.8     100.7
97     100.7     100.7     101.2     100.5     100.5     100.0     100.0
97     100.0     100.0     100.0     100.0     100.0     100.0      99.9
97      99.9      99.9      99.9      99.9      99.9     100.2     101.0
97     100.7     100.7     100.6     100.6     100.6     100.6
92K8XQAU   02010 0            SERV3                      1  0  0  1  3
93SPPI: 7732000000: RENTING SERVICES OF CIVIL ENGINEERING MACHINES AND EQUIPMENT
96AM1996  12015 223   19             710 1
97      81.5      79.9      82.6      86.1      90.5      94.2      92.2
97      98.4     100.5     101.3     106.0     106.6     107.6     100.8
97     100.0     103.6     102.9     105.0     107.0
92K8XQQU   02010 0            SERV3                      1  0  0  1 11
93SPPI: 7732000000: RENTING SERVICES OF CIVIL ENGINEERING MACHINES AND EQUIPMENT
96QM1996  12015 223   76             710 1
97      81.4      82.5      82.0      80.1      81.3      79.8      78.6
97      80.0      83.9      82.6      82.0      82.0      87.2      84.9
97      85.3      86.9      87.4      91.2      92.0      91.3      92.1
97      97.7      95.0      92.2      90.8      91.7      93.1      93.3
97      97.2      97.8      98.1     100.6     100.2     101.6     100.2
97     100.2     100.4     101.9     102.6     100.2     100.2     109.3
97     105.6     108.7     106.8     106.9     106.1     106.6     107.8
97     107.6     108.0     107.1     106.0      99.9      98.9      98.2
97      98.2      99.9      99.4     102.5      99.8     102.1     108.5
97     103.9     102.1     102.4     103.7     103.4     104.7     104.6
97     105.2     105.7     106.4     107.4     107.2     107.2
92K8XZAU   02010 0            SERV3                      1  0  0  1  3
93SPPI: 7800000000: RECRUITMENT AND PERSONNEL SERVICES ALL UK REGIONS     
96AM1996  12015 223   19             710 1
97      66.0      69.1      73.9      75.8      77.2      82.8      88.3
97      90.3      90.5      92.2      94.0      97.6      99.4      99.6
97     100.0     100.2     101.3     102.1     102.5
92K8XZQU   02010 0            SERV3                      1  0  0  1 11
93SPPI: 7800000000: RECRUITMENT AND PERSONNEL SERVICES ALL UK REGIONS     
96QM1996  12015 223   76             710 1
97      64.9      65.6      66.3      67.1      67.6      69.2      69.7
97      70.0      72.6      73.7      74.5      74.9      75.2      76.0
97      75.8      76.1      76.7      77.2      77.4      77.7      78.2
97      82.8      84.2      86.2      87.8      88.1      88.9      88.3
97      89.0      89.8      91.0      91.4      89.3      90.8      90.8
97      91.2      91.0      92.0      92.8      93.1      93.4      94.0
97      94.2      94.5      96.8      97.5      97.7      98.3      98.7
97      99.7      99.6      99.6      99.5      99.6      99.6      99.7
97      99.8     100.1     100.0     100.0     100.2     100.3     100.3
97     100.2     100.4     100.9     102.0     102.0     101.9     101.7
97     101.6     103.0     103.1     103.0     101.9     102.0
92K8YHAU   02010 0            SERV3                      1  0  0  1  3
93SPPI: 8011000000: SECURITY SERVICES                                     
96AM1996  12015 223   19             710 1
97      67.7      68.3      70.0      71.2      72.7      75.9      78.8
97      83.3      86.9      88.6      93.2      95.9      98.0     100.7
97     100.0      99.1      99.4      97.6      97.5
92K8YHQU   02010 0            SERV3                      1  0  0  1 11
93SPPI: 8011000000: SECURITY SERVICES                                     
96QM1996  12015 223   76             710 1
97      67.6      67.8      67.7      67.7      67.9      68.1      68.4
97      68.8      69.2      69.7      70.4      70.6      70.7      70.9
97      71.3      71.7      72.0      72.5      73.0      73.3      74.6
97      75.3      76.5      77.3      78.1      78.4      78.8      80.0
97      81.7      82.8      83.5      85.2      86.0      87.0      87.2
97      87.4      87.8      88.1      88.8      89.7      91.1      93.6
97      93.6      94.4      95.5      95.7      96.0      96.4      97.0
97      97.2      98.1      99.8     100.1     100.2     101.2     101.2
97     101.4     101.5      98.6      98.6      98.6      99.2      99.2
97      99.4      99.4      99.5      99.2      99.4      99.4      96.9
97      96.9      97.2      97.2      97.5      97.6      97.7
92K8YQAU   02010 0            SERV3                      1  0  0  1  3
93SPPI: 8122000000: INDUSTRIAL CLEANING                                   
96AM1996  12015 223   19             710 1
97      84.2      84.2      85.9      86.7      87.2      88.4      90.3
97      91.2      90.9      91.3      94.7      97.4      98.6      99.6
97     100.0     100.6     101.0     101.9     103.4
92K8YQQU   02010 0            SERV3                      1  0  0  1 11
93SPPI: 8122000000: INDUSTRIAL CLEANING                                   
96QM1996  12015 223   76             710 1
97      84.5      84.4      84.0      84.1      84.0      84.2      84.5
97      84.3      85.0      86.0      86.2      86.3      86.5      86.7
97      86.8      86.7      87.0      87.2      87.2      87.4      87.1
97      88.0      88.2      90.2      89.9      90.2      90.3      90.8
97      91.0      90.9      91.0      91.8      91.7      91.5      90.1
97      90.3      90.9      91.2      91.4      91.7      93.8      94.0
97      94.4      96.5      96.9      97.2      97.3      98.1      98.8
97      98.7      97.9      99.1      99.3      99.7      99.6      99.7
97      99.7     100.4      99.9     100.0     100.7     100.8     100.3
97     100.4     100.7     100.7     101.1     101.3     101.3     101.0
97     102.0     103.2     103.4     103.9     103.6     102.8
92K8Z2AU   02010 0            SERV3                      1  0  0  1  3
93SPPI: 8210000000: SECRETARIAL ACTIVITIES                                
96AM1996  12015 223   19             710 1
97      96.0      99.1     101.8     102.2     102.5     102.1     101.0
97     101.8     101.7     100.8     101.7     103.0     103.7     101.0
97     100.0     100.8     101.7     103.0     104.0
92K8Z2QU   02010 0            SERV3                      1  0  0  1 11
93SPPI: 8210000000: SECRETARIAL ACTIVITIES                                
96QM1996  12015 223   76             710 1
97      95.0      95.7      95.9      97.4      98.1      99.1      99.4
97      99.8     101.0     102.6     102.3     101.1     101.4     102.8
97     102.2     102.3     102.4     102.3     102.9     102.5     101.7
97     102.2     102.2     102.1     101.0     100.9     101.0     101.1
97     101.4     101.3     102.0     102.3     102.1     101.6     101.6
97     101.4     100.6     100.0     100.9     101.5     101.8     102.0
97     101.5     101.5     101.2     103.4     103.7     103.6     103.8
97     103.8     103.7     103.5     100.7     100.9     101.1     101.1
97     100.1     100.0     100.1      99.8      99.9     101.4     101.5
97     100.5     101.5     101.3     102.1     102.0     102.2     102.9
97     103.2     103.6     104.1     103.9     104.0     104.0
92K8Z9AU   02010 0            SERV3                      1  0  0  1  3
93SPPI: 8292000000: CONTRACT PACKING.                                     
96AM1996  12015 223   19             710 1
97      78.6      81.2      83.5      84.7      85.8      86.0      87.3
97      89.8      89.7      92.1      94.3      95.7      98.0     100.1
97     100.0      98.1      98.9     100.8     101.0
92K8Z9QU   02010 0            SERV3                      1  0  0  1 11
93SPPI: 8292000000: CONTRACT PACKING.                                     
96QM1996  12015 223   76             710 1
97      77.8      78.3      78.6      79.7      80.4      81.1      81.4
97      81.8      82.6      83.3      83.8      84.4      84.8      84.7
97      84.7      84.7      85.6      85.5      86.4      85.6      85.5
97      85.8      86.2      86.4      86.4      86.7      87.5      88.5
97      89.1      90.4      89.7      90.0      90.4      89.9      89.2
97      89.3      91.4      91.8      92.7      92.7      93.5      94.0
97      94.8      95.1      95.7      95.7      95.7      95.7      97.6
97      98.1      98.2      98.3     100.2     100.1     100.1     100.1
97      99.8      99.8     100.3     100.1      98.4      97.9      98.0
97      98.0      98.6      98.6      99.2      99.3     100.5     100.9
97     100.9     101.0     101.1     101.0     101.1     101.0
92K8ZGAU   02010 0            SERV3                      1  0  0  1  3
93SPPI: 8559000000: ADULT EDUCATION                                       
96AM1996  12015 223   19             710 1
97      64.9      66.7      67.8      69.0      71.3      73.5      75.2
97      76.4      77.9      78.4      82.5      86.1      96.4      99.2
97     100.0     101.0     100.2     102.3     103.9
92K8ZGQU   02010 0            SERV3                      1  0  0  1 11
93SPPI: 8559000000: ADULT EDUCATION                                       
96QM1996  12015 223   76             710 1
97      64.5      65.1      64.9      65.1      65.9      66.5      66.9
97      67.3      67.3      67.5      68.1      68.4      68.7      68.9
97      69.0      69.2      71.0      71.0      71.6      71.8      72.0
97      73.6      74.0      74.2      74.7      74.8      75.6      75.9
97      76.4      76.9      75.2      77.2      77.9      77.9      77.9
97      78.0      76.4      78.2      78.4      80.7      81.9      81.9
97      82.8      83.3      85.9      86.0      86.1      86.3      96.0
97      96.4      96.4      96.7      98.1      98.4     100.2     100.3
97      99.9      99.8      99.8     100.6     102.2     103.8      98.8
97      99.1     100.2     100.4     100.0     100.0     101.9     101.9
97     102.7     102.7     104.1     104.2     104.2     103.0
92K8ZMAU   02010 0            SERV3                      1  0  0  1  3
93SPPI: 9601000000: COMMERCIAL WASHING AND DRY CLEANING.                  
96AM1996  12015 223   19             710 1
97      83.3      86.5      84.9      86.0      87.0      88.2      88.8
97      89.8      93.0      93.5      97.1      97.8      99.5      99.5
97     100.0     101.0     101.1     101.8     102.7
92K8ZMQU   02010 0            SERV3                      1  0  0  1 11
93SPPI: 9601000000: COMMERCIAL WASHING AND DRY CLEANING.                  
96QM1996  12015 223   76             710 1
97      82.1      83.3      83.5      84.4      85.3      86.2      86.7
97      87.8      84.0      85.2      85.6      84.8      85.4      86.3
97      86.5      85.9      86.7      87.1      87.3      86.9      87.3
97      88.1      88.4      88.9      89.2      89.1      89.2      87.9
97      89.4      89.5      89.5      90.6      93.2      93.3      92.6
97      92.7      92.9      93.6      93.7      93.9      96.6      97.1
97      97.3      97.3      97.4      97.5      97.8      98.6      99.4
97      99.5      99.5      99.5      99.2      99.5      99.5      99.8
97      99.9      99.9      99.9     100.2     100.7     101.0     101.1
97     101.1     101.5     101.7     100.6     100.6     101.5     101.7
97     102.1     102.1     102.1     102.8     103.0     102.8
92K8ZUAU   02010 0            SERV1                      1  0  0  1  3
93SPPI: 9907010000: SPPI - All Services Gross Sector                      
96AM1998  12015 223   17             710 1
97      84.7      83.4      83.3      85.1      86.9      88.3      89.5
97      91.1      93.5      96.2      99.6      98.8     100.0     101.1
97     102.4     103.5     104.5
92K8ZUQU   02010 0            SERV1                      1  0  0  1 10
93SPPI: 9907010000: SPPI - All Services Gross Sector                      
96QM1998  12015 223   68             710 1
97      85.0      84.7      85.0      84.0      84.1      83.4      83.0
97      83.0      83.4      83.3      83.3      83.4      83.9      85.3
97      85.6      85.8      85.9      86.8      87.3      87.5      87.5
97      88.2      88.5      89.0      88.5      89.7      89.7      90.1
97      90.2      90.9      91.4      91.9      92.4      93.8      93.8
97      94.2      94.9      96.3      96.7      97.0      98.4      99.9
97     100.2      99.8      98.9      98.6      98.6      99.0      99.5
97     100.4      99.9     100.2     100.5     101.5     101.0     101.4
97     101.8     102.3     102.5     102.9     103.3     103.1     103.3
97     104.2     104.2     104.6     104.7     104.6
92K8ZWAU   02010 0            SERV1                      1  0  0  1  3
93SPPI: 9907020000: SPPI - All Services Net Sector                        
96AM1998  12015 223   17             710 1
97      79.2      79.3      80.5      82.6      84.0      85.8      87.5
97      89.8      92.5      95.2      98.9      98.4     100.0     101.3
97     102.9     104.0     105.2
92K8ZWQU   02010 0            SERV1                      1  0  0  1 10
93SPPI: 9907020000: SPPI - All Services Net Sector                        
96QM1998  12015 223   68             710 1
97      79.1      79.2      79.4      79.0      79.4      79.2      79.1
97      79.6      80.2      80.3      80.5      80.8      81.5      82.8
97      82.9      83.0      83.1      83.8      84.3      84.7      85.0
97      85.7      86.1      86.5      86.3      87.6      87.8      88.3
97      88.7      89.6      90.2      90.7      91.1      92.7      92.7
97      93.3      93.9      95.2      95.7      96.2      97.4      99.1
97      99.8      99.4      98.5      98.2      98.2      98.8      99.4
97     100.5      99.9     100.2     100.6     101.7     101.2     101.6
97     102.3     102.8     103.1     103.4     103.8     103.7     103.9
97     104.7     104.8     105.2     105.3     105.3
92KB2SAU   02010 0            SERV3                      1  0  0  1  2
93SPPI: 6419000000: BANKING                                               
96AM2005  12015 223   10             710 1
97      87.1      91.5      92.8      97.0      99.4     100.0     101.2
97     100.2      94.4      90.1
92KB2SQU   02010 0            SERV3                      1  0  0  1  6
93SPPI: 6419000000: BANKING                                               
96QM2005  12015 223   40             710 1
97      82.9      85.9      90.4      89.2      90.9      90.0      94.9
97      90.1      91.9      95.1      93.7      90.5      94.0      95.0
97      97.8     101.1     103.8      94.4      99.3     100.0      99.2
97      99.9     100.5     100.4     101.1     104.6     102.2      96.8
97     101.2     102.8     104.0      92.8      99.0      96.1      93.8
97      88.8      90.9      90.5      91.8      87.3
92KHU3AU   02010 0            SERV3                      1  0  0  1  1
93SPPI: 5224000000: CARGO HANDLING                                        
96AM2010  12015 223    5             710 1
97     100.0     101.6     105.9     110.9     112.4
92KHU3QU   02010 0            SERV3                      1  0  0  1  3
93SPPI: 5224000000: CARGO HANDLING                                        
96QM2009  42015 223   21             710 1
97      99.6      99.7      99.9     100.1     100.3     101.1     101.4
97     101.2     102.7     105.6     105.9     105.9     106.1     110.9
97     110.8     111.0     111.0     112.6     112.6     112.4     111.9
92KHW5AU   02010 0            SERV3                      1  0  0  1  1
93SPPI: 6910000000: LEGAL SERVICES                                        
96AM2010  12015 223    5             710 1
97     100.0     101.9     104.0     106.3     110.3
92KHW5QU   02010 0            SERV3                      1  0  0  1  3
93SPPI: 6910000000: LEGAL SERVICES                                        
96QM2010  12015 223   20             710 1
97      99.4     100.0     100.1     100.5     100.8     101.3     102.7
97     102.8     103.2     103.2     104.7     104.9     105.2     106.0
97     106.5     107.4     109.4     110.2     110.1     111.5
92KHX6AU   02010 0            SERV3                      1  0  0  1  1
93SPPI: 6920000000: ACCOUNTANCY                                           
96AM2010  12015 223    5             710 1
97     100.0     102.2     103.7     106.2     109.5
92KHX6QU   02010 0            SERV3                      1  0  0  1  3
93SPPI: 6920000000: ACCOUNTANCY                                           
96QM2010  12015 223   20             710 1
97     100.6      99.1      99.9     100.5     102.8     101.2     102.0
97     103.0     104.0     102.6     103.7     104.4     106.5     106.0
97     105.6     106.6     108.9     108.7     109.4     110.9
92KHY2AU   02010 0            SERV3                      1  0  0  1  1
93SPPI: 7111000000: ARCHITECTURAL SERVICES                                
96AM2010  12015 223    5             710 1
97     100.0     100.4     101.1     103.2     104.4
92KHY2QU   02010 0            SERV3                      1  0  0  1  3
93SPPI: 7111000000: ARCHITECTURAL SERVICES                                
96QM2010  12015 223   20             710 1
97     100.0      99.7     100.3     100.0     100.3     100.1      99.8
97     101.6     102.0     100.2     100.0     102.3     102.5     103.4
97     103.7     103.3     103.9     104.8     104.4     104.4
92KHY7AU   02010 0            SERV3                      1  0  0  1  1
93SPPI: 7112000000: ENGINEERING SERVICES & RELATED SERVICES               
96AM2010  12015 223    5             710 1
97     100.0     100.8     103.0     104.9     107.6
92KHY7QU   02010 0            SERV3                      1  0  0  1  3
93SPPI: 7112000000: ENGINEERING SERVICES & RELATED SERVICES               
96QM2010  12015 223   20             710 1
97     100.1     100.1      99.8     100.1     101.2     100.8     100.5
97     100.7     102.6     103.6     102.8     103.0     103.7     105.0
97     105.2     105.6     107.1     107.7     107.8     107.9
92KOP4AU   02010 0            SERV3                      1  0  0  1  1
93SPPI: 7022000000: Business and Management Consultancy                   
96AM2011  12015 223    4             710 1
97     103.9     106.5     106.2     104.7
92KOP4QU   02010 0            SERV3                      1  0  0  1  3
93SPPI: 7022000000: Business and Management Consultancy                   
96QM2011  12015 223   16             710 1
97     102.0     103.0     104.0     106.7     106.7     106.7     106.4
97     106.0     106.4     106.2     106.0     106.0     106.4     105.0
97     103.6     103.9
92KOQ5AU   02010 0            SERV3                      1  0  0  1  1
93SPPI: 7312000000: Advertising Services,                                 
96AM2011  12015 223    4             710 1
97     103.0      99.7      99.8     102.8
92KOQ5QU   02010 0            SERV3                      1  0  0  1  3
93SPPI: 7312000000: Advertising Services,                                 
96QM2011  12015 223   16             710 1
97     100.6     103.7     102.7     105.0      98.2      98.6      99.7
97     102.2      97.0      99.3     101.5     101.5     100.8     101.7
97     104.8     103.7
92KS7ZAU   02010 0            SERV3                      1  0  0  1  1
93SPPI: 5210000000: Storage and Warehousing                               
96AM2011  12015 223    4             710 1
97     108.6     108.7     108.7     107.4
92KS7ZQU   02010 0            SERV3                      1  0  0  1  3
93SPPI: 5210000000: Storage and Warehousing                               
96QM2011  12015 223   16             710 1
97     102.4     110.6     110.3     110.9     108.0     108.5     108.7
97     109.7     108.9     109.7     110.9     105.3     108.1     107.7
97     107.2     106.5
92MF2JAU   02010 0            SERV2                      1  0  0  1  1
93SPPI: 9907103000: SECTION G - WHOLESALE AND RETAIL TRADE; REPAIR OF MOTOR VEHICL
96AM2009  12015 223    6             710 1
97      95.5     100.0     104.9     106.9     109.5     112.4
92MF2JQU   02010 0            SERV2                      1  0  0  1  4
93SPPI: 9907103000: SECTION G - WHOLESALE AND RETAIL TRADE; REPAIR OF MOTOR VEHICL
96QM2008  42015 223   25             710 1
97      93.7      94.3      95.2      96.1      96.5      98.9      99.7
97     100.5     101.0     104.0     104.6     105.5     105.6     105.9
97     106.8     107.3     107.5     108.5     109.3     109.6     110.5
97     111.9     112.1     112.6     113.0
92MF2KAU   02010 0            SERV2                      1  0  0  1  1
93SPPI: 9907104000: SECTION H - TRANSPORTATION AND STORAGE                
96AM2009  12015 223    6             710 1
97      96.5     100.0     102.2     102.8     103.9     105.4
92MF2KQU   02010 0            SERV2                      1  0  0  1  4
93SPPI: 9907104000: SECTION H - TRANSPORTATION AND STORAGE                
96QM2008  42015 223   25             710 1
97      98.0      96.7      95.7      96.4      97.3      98.5     100.1
97     100.7     100.7     101.8     102.9     101.9     102.3     102.4
97     102.9     102.7     103.0     104.0     103.6     104.1     103.8
97     104.8     105.4     105.6     105.9
92MF2LAU   02010 0            SERV2                      1  0  0  1  1
93SPPI: 9907105000: SECTION I - ACCOMMODATION AND FOOD SERVICE ACTIVITIES 
96AM2009  12015 223    6             710 1
97     102.1     100.0     101.0     102.7     106.2     108.3
92MF2LQU   02010 0            SERV2                      1  0  0  1  4
93SPPI: 9907105000: SECTION I - ACCOMMODATION AND FOOD SERVICE ACTIVITIES 
96QM2008  42015 223   25             710 1
97     103.9     103.1     102.0     101.9     101.4     100.4      99.1
97     100.5     100.1      99.1     101.5     101.8     101.8      99.9
97     101.7     100.4     108.6     105.9     102.4     105.1     111.5
97     103.7     111.0     110.6     108.0
92MF2MAU   02010 0            SERV2                      1  0  0  1  1
93SPPI: 9907106000: SECTION J - INFORMATION AND COMMUNICATION             
96AM2009  12015 223    6             710 1
97     101.8     100.0      99.0      98.4      98.9      98.2
92MF2MQU   02010 0            SERV2                      1  0  0  1  4
93SPPI: 9907106000: SECTION J - INFORMATION AND COMMUNICATION             
96QM2008  42015 223   25             710 1
97     102.7     102.2     102.2     101.9     100.9     100.1     100.5
97      99.8      99.6      99.4      99.2      98.5      99.0      98.2
97      98.3      98.7      98.3      99.0      98.5      98.3      99.8
97      98.8      97.8      98.3      98.0
92MF8NAU   02010 0            SERV2                      1  0  0  1  1
93SPPI: 9907101000: SECTION E - WATER SUPPLY; SEWERAGE AND WASTE MANAGEMENT
96AM2009  12015 223    6             710 1
97      92.3     100.0     105.6     106.8     106.8     105.2
92MF8NQU   02010 0            SERV2                      1  0  0  1  4
93SPPI: 9907101000: SECTION E - WATER SUPPLY; SEWERAGE AND WASTE MANAGEMENT
96QM2008  42015 223   25             710 1
97      89.9      89.5      92.3      93.4      93.8      96.9     101.6
97     100.4     101.2     103.3     106.0     106.9     106.0     107.0
97     108.2     106.2     105.6     107.2     108.6     105.5     105.7
97     105.3     106.4     105.3     103.6
92MF8PAU   02010 0            SERV2                      1  0  0  1  1
93SPPI: 9907108000: SECTION L - REAL ESTATE ACTIVITIES                    
96AM2009  12015 223    6             710 1
97     100.4     100.0     100.7     100.5      99.8     102.0
92MF8PQU   02010 0            SERV2                      1  0  0  1  4
93SPPI: 9907108000: SECTION L - REAL ESTATE ACTIVITIES                    
96QM2008  42015 223   25             710 1
97     105.4     102.6     100.7      99.4      98.9      99.3     100.0
97     100.1     100.6     100.7     100.6     100.7     100.6     100.5
97     100.4     100.7     100.4      99.8     100.2      99.4      99.9
97     100.6     101.4     102.5     103.4
92MF8QAU   02010 0            SERV2                      1  0  0  1  1
93SPPI: 9907109000: SECTION M - PROFESSIONAL, SCIENTIFIC AND TECHNICAL ACTIVITIES
96AM2009  12015 223    6             710 1
97      97.3     100.0     101.6     105.6     107.0     108.8
92MF8QQU   02010 0            SERV2                      1  0  0  1  4
93SPPI: 9907109000: SECTION M - PROFESSIONAL, SCIENTIFIC AND TECHNICAL ACTIVITIES
96QM2008  42015 223   25             710 1
97      98.3      96.9      96.9      96.8      98.5      99.5     101.0
97      99.4     100.2     100.2     102.3     101.4     102.6     104.9
97     105.4     106.0     106.0     106.4     106.9     107.2     107.5
97     108.6     108.6     108.8     109.2
92MF8RAU   02010 0            SERV2                      1  0  0  1  1
93SPPI: 9907110000: SECTION N - ADMINISTRATIVE AND SUPPORT SERVICES       
96AM2009  12015 223    6             710 1
97      99.9     100.0     100.3     101.1     101.7     102.3
92MF8RQU   02010 0            SERV2                      1  0  0  1  4
93SPPI: 9907110000: SECTION N - ADMINISTRATIVE AND SUPPORT SERVICES       
96QM2008  42015 223   25             710 1
97     100.2     100.1      99.8      99.8      99.8      99.9     100.3
97      99.8     100.1     100.0     100.2     100.7     100.3     100.4
97     100.7     101.6     101.7     101.8     101.3     101.3     102.5
97     102.6     102.7     101.9     102.0
92MF8SAU   02010 0            SERV2                      1  0  0  1  1
93SPPI: 9907113000: SECTION P - EDUCATION                                 
96AM2009  12015 223    6             710 1
97      99.2     100.0     101.0     100.2     102.3     103.9
92MF8SQU   02010 0            SERV2                      1  0  0  1  4
93SPPI: 9907113000: SECTION P - EDUCATION                                 
96QM2008  42015 223   25             710 1
97      96.7      98.1      98.4     100.2     100.3      99.9      99.8
97      99.8     100.6     102.2     103.8      98.8      99.1     100.2
97     100.4     100.0     100.0     101.9     101.9     102.7     102.7
97     104.1     104.2     104.2     103.0
92MF8TAU   02010 0            SERV2                      1  0  0  1  1
93SPPI: 9907116000: SECTION S - OTHER SERVICE ACTIVITIES                  
96AM2009  12015 223    6             710 1
97      99.5     100.0     101.0     101.1     101.8     102.7
92MF8TQU   02010 0            SERV2                      1  0  0  1  4
93SPPI: 9907116000: SECTION S - OTHER SERVICE ACTIVITIES                  
96QM2008  42015 223   25             710 1
97      99.5      99.2      99.5      99.5      99.8      99.9      99.9
97      99.9     100.2     100.7     101.0     101.1     101.1     101.5
97     101.7     100.6     100.6     101.5     101.7     102.1     102.1
97     102.1     102.8     103.0     102.8
